0 4 4 8 32
1 4 4 8 32
2 4 4 8 32
3 4 4 8 32
4 4 4 8 32
5 4 4 8 32
6 4 4 8 32
7 4 4 8 32
8 4 4 8 32
9 4 4 8 32
10 4 4 8 32
11 4 4 8 32
12 4 4 8 32
13 4 4 8 32
14 4 4 8 32
15 4 4 8 32
16 4 4 8 32
17 4 4 8 32
18 4 4 8 32
19 4 4 8 32
20 4 4 8 32
21 4 4 8 32
22 4 4 8 32
23 4 4 8 32
24 4 4 8 32
25 4 4 8 32
26 4 4 8 32
27 4 4 8 32
28 4 4 8 32
29 4 4 8 32
30 4 4 8 32
31 4 4 8 32
32 4 4 8 32
33 4 4 8 32
34 4 4 8 32
35 4 4 8 32
36 4 4 8 32
37 4 4 8 32
38 4 4 8 32
39 4 4 8 32
40 4 4 8 32
41 4 4 8 32
42 4 4 8 32
43 4 4 8 32
44 4 4 8 32
45 4 4 8 32
46 4 4 8 32
47 4 4 8 32
48 4 4 8 32
49 4 4 8 32
50 4 4 8 32
51 4 4 8 32
52 4 4 8 32
53 4 4 8 32
54 4 4 8 32
55 4 4 8 32
56 4 4 8 32
57 4 4 8 32
58 4 4 8 32
59 4 4 8 32
60 4 4 8 32
61 4 4 8 32
