0 61 60 63 64;
0 59 55 54 56;
0 59;
1 57 53 54 55;
1 56 57 55 53;
1 57;
2 62 61 60 56;
2 62;
3 57 65 64 54;
3 57 58 59 66;
4 56 57 59 61;
4 57 53;
5 57 58 66 65;
5 72 62;
6 61 62 69 70;
6 54 56 58 57;
6 64 53;
7 55 63 62 64;
7 53 54 55 62;
7 67 68 58 60;
7 55 63 64 53;
7 64;
8 57 59 61 50;
8 55 62 63;
9 63 53 55 54;
9 52 54 53;
10 63 64 65 61;
10 55 57 59 58;
10 58 59 60 63;
10 60 58 56 57;
11 57 56 55 51;
11 51 52 60 59;
11 51 53 54 55;
11 59;
12 54 55 57 59;
12 61 57;
13 56 57 65 64;
13 61 51 52;
14 65 72 73 62;
14 58 60 59 67;
14 57 58 66 65;
14 65 55 56 57;
14 60 61 62 52;
14 53;
15 62 70 71 60;
15 66 65 67 69;
15 52 53 60 61;
15 66 56 58 57;
15 57 58 59 55;
15 59 61 63;
16 68 57 64 65;
16 67 69 59 58;
16 60 61 62 58;
16 59 61 63 64;
16 62 57 58 59;
16 59;
17 55 66 62 63;
17 65 61 60 62;
17 59 60 61 56;
17 58 59 61 63;
18 63 59 60 61;
18 61 60 62 64;
18 65 66;
19 57 58 59 61;
19 67 66;
20 60 61 62 58;
20 52;
21 61 63 64 65;
21 60 61 62 64;
21 61 60;
22 59 60 61 57;
23 55 57 59 60;
23 65 60 61 62;
23 56 58 57 53;
23 58;
24 62 58;
25 58 60 62 63;
25 54 49 50 51;
25 51 53 52 48;
25 48 49 45 56;
25 60 62 63;
26 62 57 58 59;
26 54 56 55 51;
26 54 55 63 62;
26 54 56 57;
27 65 72 61 62;
27 50 52 51 47;
27 47 48 56;
28 68 70 60 61;
28 61 68 69 58;
28 58 60 59 67;
28 51 52 60 59;
28 51 52 60 59;
29 61 51 52 53;
29 59 60 61 51;
29 56 55 63;
30 61 50 58 57;
30 57 59 48;
31 57 64 65 66;
32 59 61 60 68;
32 58 59 55 54;
33 66 68 69 58;
33 60 61 62 64;
33 50 49 57 58;
33 60 56 55 57;
33 57 58 59 54;
33 52 53 55;
34 52 63 59 60;
34 66 62 61 63;
34 63 64 65 60;
34 60;
35 63 65 67 66;
35 59 60 61 57;
35 56 58 60;
36 66 67 62 63;
36 57 59 61 60;
36 58 59 60 56;
36 58 60;
37 55 56 57 52;
37 61 62 64 66;
37 59 55 56 57;
37 57 56 58 60;
37 56 57 52 53;
37 58 60 62;
38 65 61 62 63;
38 51 50 52 54;
38 53 54;
39 58 59 60 62;
39 63 62 58 59;
39 59 55 66 56;
39 60 61 62 57;
39 53 54;
40 61 63 62 58;
40 51 52 60 59;
40 46 48 49;
41 60 67;
42 53 54 56 58;
42 53 54 56 58;
40 61 63 62 58;
40 51 52 60 59;
40 46 48 49;
41 60 67;
42 53 54 56 58;
42 53 54 56 58;
