60 65 62 59 58 56 57 53 54;
53 57 64 62 60 58 56 51 54;
55 62 57 59 60;
56 54 61 60 58 59 57 55;
60 58 61 56 59 53;
57 60 58 56 61 64;
59 61 62 63 56 58 55 54 57 53;
56 57 55 54 53 58 61 59 57 60 57 58 60 61 59 53 56;
50 58 53 52 57 54 59;
58 60 53 57 56 55 52;
60 59 61 63 64 62 55 54 61 60 58 59 56 57 55 54;
53 56 50 57 49 55 54 55 54 56 52 51 48;
54 59 60 56 58 57;
63 62 56 55 57 58 50;
62 65 66 64 61 60 57 56 57 58 60 59 56 57 58 55 53 54 52 51 50;
60 65 64 63 62 61 59 58 57 55 52 54 56 60 62 61 59 54 48 50 56 55 53
;
57 62 60 59 63 64 61 58 56 57 59 52 58 55 54 60 53 57 56 51 49;
55 59 60 61 58 57 56 59 60 58 51 56 55 54 53 52;
54 56 53 58 59 57 60 62 61 57;
53 63 61 59 57 58;
56 59 58 55 50;
57 62 61 60 59 58 63 57 55 52;
56 59 57 55;
62 54 57 56 58 59 60 61 56 58 55 50 54;
58 57;
61 62 59 58 48 50 63 62 60 51 56 46 45 60 47 56 63 62 59;
58 57 59 60 56 57 55 50 52 58 55 58 59 56 54;
64 61 62 61 53 47 55 58 57 46 49;
59 60 63 62 61 58 60 63 58 57 56 59 60 51 55 54;
58 60 61 51 50 55 56 51 57 54 53;
50 55 57 56 49 51 48;
66 63 57 56;
60 62 61 59 57 49 48 53;
58 60 63 64 60 58 59 53 57 56 55 49 59 50 61 60 48 58 64 57 45 61 56
;
59 62 61 52 60 63 58 57 56 55 59 58 54;
56 58 59 57 53 54 55 57 56 53 54;
58 65 64 62 56 59 55 51 57 60 53 54 56 57;
50 49 51 61 59 60 58 57 54 52 53 51 58 57 55 59 56 50 51 57 55 56 54
;
58 62 61 59 52 56 50 55 48 49;
57 58 59 60 62 61 57 56 58 55 59 60 57 60 61 59 53 52;
57 59 62 60 56 55 52 49 54 51 46;
56 58;
55 54 56 53;
