0 59 60 65 62 59;
0 53 58 56 57 53;
0 54 54;
1 53 53 57 64 62;
1 51 60 58 56 51;
1 54 54;
2 55 55 62 57 59;
2 60 60;
3 54 56 54 61 60;
3 55 58 59 57 55;
4 56 60 58 61 56;
4 53 59 53;
5 56 57 60 58 56;
5 61 61 64;
6 59 59 61 62 63;
6 54 56 58 55 54;
6 53 57 53;
7 54 56 57 55 54;
7 53 53 58 61 59;
7 57 57 60 59 58;
7 53 60 61 59 53;
7 56 56;
8 50 50 58 53 52;
8 54 57 54 59;
9 53 58 60 53 57;
9 52 56 55 52;
10 59 60 59 61 63;
10 54 64 62 55 54;
10 58 61 60 58 59;
10 54 56 57 55 54;
11 50 53 56 50 57;
11 49 49 55 54 56;
11 51 54 56 52 51;
11 48 48;
12 54 54 59 60 56;
12 57 58 57;
13 55 63 62 56 55;
13 50 57 58 50;
14 62 62 65 66 64;
14 56 61 60 57 56;
14 57 57 58 60 59;
14 55 56 57 58 55;
14 51 53 54 52 51;
14 50 50;
15 60 60 65 64 63;
15 58 62 61 59 58;
15 52 57 55 52 54;
15 56 56 60 62 61;
15 48 59 54 48 50;
15 53 56 55 53;
16 57 57 62 60 59;
16 58 63 64 61 58;
16 52 56 57 59 52;
16 54 58 55 54 60;
16 51 53 57 56 51;
16 49 49;
17 55 55 59 60 61;
17 56 58 57 56 59;
17 51 60 58 51 56;
17 52 55 54 53 52;
18 53 54 56 53 58;
18 57 59 57 60 62;
18 57 61 57;
19 53 53 63 61 59;
19 57 57 58;
20 55 56 59 58 55;
20 50 50;
21 57 57 62 61 60;
21 57 59 58 63 57;
21 52 55 52;
22 55 56 59 57 55;
23 54 62 54 57 56;
23 58 58 59 60 61;
23 50 56 58 55 50;
23 54 54;
24 57 58 57;
25 58 61 62 59 58;
25 48 48 50 63 62;
25 46 60 51 56 46;
25 45 45 60 47 56;
25 59 63 62 59;
26 57 58 57 59 60;
26 50 56 57 55 50;
26 52 52 58 55 59;
26 54 59 56 54;
27 61 64 61 62 60;
27 47 53 47 55 58;
27 46 57 46 49;
28 59 59 60 63 62;
28 58 61 58 60 63;
28 56 58 57 56 59;
28 51 60 51 55 54;
28 51;
29 51 58 60 61 51;
29 50 50 55 56 51;
29 53 57 54 53;
30 50 50 55 57 56;
30 48 49 51 48;
31 56 66 63 57 56;
32 59 60 62 61 59;
32 48 57 49 48 53;
33 58 58 60 63 64;
33 53 60 58 59 53;
33 49 57 56 55 49;
33 50 59 50 61 60;
33 48 48 58 64 57;
33 45 45 61 56;
34 52 59 62 61 52;
34 57 60 63 58 57;
34 55 56 55 59 58;
34 54 54;
35 56 56 58 59 57;
35 53 53 54 55 57;
35 53 56 53 54;
36 58 58 65 64 62;
36 51 56 59 55 51;
36 53 57 60 53 54;
36 56 56 57;
37 49 50 49 51 61;
37 57 59 60 58 57;
37 51 54 52 53 51;
37 55 58 57 55 59;
37 50 56 50 51 57;
37 54 55 56 54;
38 58 58 62 61 59;
38 50 52 56 50 55;
38 48 48 49;
39 57 57 58 59 60;
39 56 62 61 57 56;
39 55 58 55 59 60;
39 57 57 60 61 59;
39 52 53 52;
40 57 57 59 62 60;
40 49 56 55 52 49;
40 46 54 51 46;
41 56 56 58;
42 53 55 54 56 53;
42 53;
